i1:
  j_xyz: 0.0 0.0 0.0
  j_rpy: 0.0 -0.0 -0.5
  l_xyz: 0.0 0.0 0.0
  l_rpy: 0.0 -0.0 -0.5
  l_len: 0.0
i3:
  j_xyz: -0.0832293673094 0.181859485365 0.0
  j_rpy: 0.0 -0.0 2.0
  l_xyz: -0.0416146836547 0.0909297426826 0.0
  l_rpy: 0.0 -0.0 2.0
  l_len: 0.2
i2:
  j_xyz: 0.0 0.0 0.0
  j_rpy: -1.57 -0.0 1.0
  l_xyz: 0.0 0.0 0.0
  l_rpy: -1.57 -0.0 1.0
  l_len: 0.0
